U(:,:,1):
  1.01133666   0.05438022   0.08988323
  0.00000000   0.98925344  -0.07761550
  0.00000000   0.00000000   0.96784748
U(:,:,2):
  1.04854570   0.14263059  -0.09582426
  0.00000000   1.08135409  -0.07375557
  0.00000000   0.00000000   1.02453434
U(:,:,3):
  0.94704470   0.06196409  -0.11926719
  0.00000000   0.97158283   0.10981084
  0.00000000   0.00000000   1.05849188
U(:,:,4):
  0.96346546   0.08735010  -0.00475286
  0.00000000   0.99718553   0.01932557
  0.00000000   0.00000000   1.00405964
U(:,:,5):
  0.97046680   0.08095839  -0.06725991
  0.00000000   0.98287894  -0.12053853
  0.00000000   0.00000000   1.07778053
U(:,:,6):
  0.97253199   0.09172426  -0.10956958
  0.00000000   0.97099359   0.02237922
  0.00000000   0.00000000   1.01465886
U(:,:,7):
  0.95691370   0.06823436  -0.00801027
  0.00000000   0.98972346   0.08541157
  0.00000000   0.00000000   1.03589112
U(:,:,8):
  1.04139405   0.11797322   0.06744639
  0.00000000   0.94376820   0.00675385
  0.00000000   0.00000000   0.97829701
rot(:,:,1):
 -0.05967589   0.99232254   0.00140983
 -1.00568302  -0.06458266  -0.01828498
 -0.00508648  -0.00559975   1.00328032
rot(:,:,2):
  1.00000000   0.00000000  -0.00000000
  0.00000000   1.00000000  -0.00000000
  0.00000000   0.00000000   1.00000000
rot(:,:,3):
  0.06712737  -0.99649537  -0.03210974
  1.01161299   0.02966692   0.01470928
 -0.04957406  -0.00877909   1.01545003
rot(:,:,4):
 -0.99391173  -0.02819364  -0.11092445
  0.01292308  -1.02093575  -0.08939295
 -0.05877073  -0.01730910   1.02599248
rot(:,:,5):
  0.67311473   0.75330122   0.00499805
 -0.71630124   0.70527952  -0.05373881
 -0.00690281  -0.08018434   1.04102595
rot(:,:,6):
  0.76773300  -0.66367642  -0.03823855
  0.71532026   0.72122073  -0.00597812
 -0.09428062  -0.03951704   1.04614533
rot(:,:,7):
 -0.66690471  -0.74486923  -0.06989467
  0.73419946  -0.71005094  -0.04129857
 -0.03685285   0.02178051   1.03629738
rot(:,:,8):
 -0.69166378   0.70980661  -0.03579643
 -0.70022408  -0.72581273  -0.08799724
 -0.04162342  -0.01455217   1.01542544
c:
 -0.31971594   0.16241340   0.14317258   0.04252315  -0.11870277  -0.09849988   0.00642216   0.17547479
  0.21170777  -0.44936415  -0.25072132  -0.21125221  -0.07222066   0.08493718  -0.19973129  -0.35411362
 -0.04244206   0.16639775  -0.01945494  -0.04177958  -0.05549208  -0.00564972   0.00626146  -0.06014500
